image_width: 640
image_height: 480
camera_name: narrow_stereo
camera_matrix:
  rows: 3
  cols: 3
  data: [795.703299, 0.000000, 325.776567, 0.000000, 798.946748, 269.611221, 0.000000, 0.000000, 1.000000]
distortion_model: plumb_bob
distortion_coefficients:
  rows: 1
  cols: 5
  data: [0.046551, 0.079261, 0.002118, 0.003359, 0.000000]
rectification_matrix:
  rows: 3
  cols: 3
  data: [1.000000, 0.000000, 0.000000, 0.000000, 1.000000, 0.000000, 0.000000, 0.000000, 1.000000]
projection_matrix:
  rows: 3
  cols: 4
  data: [808.850342, 0.000000, 327.120067, 0.000000, 0.000000, 813.319214, 269.880269, 0.000000, 0.000000, 0.000000, 1.000000, 0.000000]
