image_width: 640
image_height: 480
camera_name: narrow_stereo
camera_matrix:
  rows: 3
  cols: 3
  data: [512.553480, 0.000000, 311.651087, 0.000000, 513.823821, 245.704635, 0.000000, 0.000000, 1.000000]
distortion_model: plumb_bob
distortion_coefficients:
  rows: 1
  cols: 5
  data: [0.051918, -0.104357, -0.001400, -0.006096, 0.000000]
rectification_matrix:
  rows: 3
  cols: 3
  data: [1.000000, 0.000000, 0.000000, 0.000000, 1.000000, 0.000000, 0.000000, 0.000000, 1.000000]
projection_matrix:
  rows: 3
  cols: 4
  data: [514.358643, 0.000000, 307.738497, 0.000000, 0.000000, 518.868774, 245.205622, 0.000000, 0.000000, 0.000000, 1.000000, 0.000000]

